0.0,11.54975459731878,0.0,34.686439070230826,14.966049724161895,12.687108076924659,14.807972453433567,11.882019313629357,14.796119654952498,4.238679473020256,0.0,0.0,9.287085156221318,0.15705759509468126,0.0,5.821714507213532,12.997942227029169,0.0,10.96221917736518,6.193798396128907,9.750086349872852,14.028709151082234,17.14408336527844,6.048628536227608,6.874719376211875,34.636398314287455,26.788170741017264,0.0,14.813033316569882,15.069903045604343,12.160717209784208,0.0,26.79687084181845,1.9959040731138995,4.802789704683693,13.958108836340848,13.023591914093107,32.72960164053019,34.49797716335451,27.218692211214265,34.73851700081108,12.909443834817417,6.736054328709015,9.45188462088333,6.569549142014307,31.001036786247806,31.58669999472959,31.50482236385905,30.46913508124152,0.012896949825355868,2.221548404039743,3.709558323650572,8.493567594975326,37.392167615472445,32.54519822052312,17.270970249881735,15.560380992971815,11.45124866194177,12.733381012657377,6.050673004749329,9.922460177768935,0.0,13.178867508665167,7.724203813929203,5.965810511073952,6.928136857044039,32.35623139197172,31.67783155362396,0.0,4.636481399396903,8.10517887467661,4.4259508349335155,13.048882464774191,14.508218191829116,27.13342377122553,4.195276699803144,1.813182207788904,12.17680169550708,0.0,15.61030044464622,16.158606361208005,14.767798734458736,0.0,32.83726208712459,10.876013498781667,17.248030977762152,0.0,0.0,7.661807553687494,3.1064048651092593,4.3294289158109,6.384392507142515,13.715289126744981,12.330943813984527,0.0,30.712544632306322,13.230899218978218,13.46105271718019,10.177054870426453,0.0
11.54975459731878,0.0,23.71199120702923,25.42231251910619,0.0,6.28467128455423,9.074753458162958,4.818654018162045,9.06657675571249,8.387951622543671,23.374783532918922,23.272208343182168,8.0732946113475,11.473383537276241,0.0,5.763206455548008,0.0,1.3111518001502935,4.538211333918545,5.533649698192051,3.9338026773060846,7.253071279840416,0.0,12.957648834803619,6.401063715831893,24.927167883767364,19.21564420839239,18.424772343078065,9.089637327683928,6.633395728075871,0.7823758496206321,23.320390665612198,19.6277419905733,11.11087059063565,6.872622005174491,0.0,3.172662514207965,24.321468987948883,24.336493650490745,18.6675921315795,25.26880034011536,1.7470471963241736,6.00042452180289,6.576110639275825,0.0,22.59405633766206,21.34064224246317,21.382995271985244,0.0,11.561451342979133,9.35155422375654,0.0,5.213192883830518,28.016962757054436,23.571507310619456,7.98310289019283,0.0,3.9041425276671893,10.066769983146461,13.470581497044721,8.953310330942758,11.504935353391835,0.0,6.221742596037403,0.0,8.473393779875757,0.0,22.42586653231861,0.0,7.175760243275445,12.897938562714389,8.785572957168219,9.921955979686976,0.0,18.468022255735935,7.414606920457483,0.0,0.6974216826386195,1.9875576407715276,8.723429312469236,7.391380703380503,6.487672608987114,25.274350305257038,23.71036740978295,10.959626067551849,7.969889018387087,9.287955397688679,11.355133607129536,12.986561774720277,0.0,8.023703075609065,5.334024711446831,0.0,1.180210779840445,0.0,21.289075610538443,10.284970192009824,4.721705428738975,3.6310917609691526,8.326490546878306
0.0,23.71199120702923,0.0,0.0,18.220149969796307,20.032781511694026,18.03011392463343,21.015363350216916,18.041589773145468,31.23156240637894,1.192067557590441,1.2542709771586296,0.0,32.56338507270214,28.991215609014976,28.231506623023233,20.553304452804856,25.005687228051155,21.938603737682683,28.35651713635568,0.0,18.67594319701347,0.0,29.854192559406787,0.0,3.43327824796014,6.892282857384464,6.4070065594460175,18.027894849996,17.863071446050455,23.681610753914732,0.49995414496625845,7.550794548765903,31.208169464439326,29.314437898565735,0.0,20.807105814311633,2.1699167208410897,5.3443659062961775,5.520577167148148,2.689818652332946,21.973417431687704,26.059964509556774,23.264045586919202,27.2647073667939,2.522033972405554,0.0,5.055856619064994,4.7645195288582585,0.0,0.0,31.31880442127671,24.302866402943273,0.0,0.16098042265141954,15.90191698945097,0.0,21.661994912157425,20.825826321661896,30.403841603685233,23.361387294223004,0.0,20.402735207711057,24.982632858079846,30.42919633429782,26.061769251519266,0.5263522919418551,1.5417940602506606,31.981561610993275,28.297463623998286,27.92482438781054,28.355074478556038,20.386064461039823,0.0,5.573829854617756,29.59889939033194,0.0,23.525595388947867,22.589847784980954,17.099917577448497,16.82041411325802,0.0,2.80896070651841,0.5396814447835574,23.4639137587946,15.920144786294031,31.969199688491056,29.729164042350632,28.43379981646112,29.832843055985315,30.81228567474909,28.1873492477188,19.085121810982823,22.53442078491737,3.998832237031477,2.7775789317897495,20.359375805560585,19.73973348610212,22.969712643022415,0.0
34.686439070230826,25.42231251910619,0.0,0.0,20.065951627895863,22.001988222581325,20.085180121902024,22.932584016157218,20.09653325094327,33.09696692497406,0.0,2.1528593744622353,25.743588847419726,34.55057713331807,30.939931337852954,30.10064217419188,22.6625926743367,26.702770827767406,23.859038148586176,0.0,25.209198805405425,20.658789626923596,26.942921331172073,31.95773047738529,27.817547233060896,2.0168843463263912,9.061258439115027,8.55416863468736,20.083539815902675,19.757706728774547,25.348498291253094,2.3297211688748085,9.698517023496652,33.22756645825234,31.196402549014014,21.853120948974876,22.5930619980343,3.6775754133007434,4.286815091259326,7.610721252797101,0.9041207368319153,23.67679232214894,28.014115369652846,25.26923459733727,29.34198218161969,4.6128426924339925,5.728765569878937,5.267504824062656,5.472724774501208,34.6937558706125,32.964024454927944,33.20211127975889,26.252309056634093,2.7137420993106174,2.3297241155284443,17.729423845439854,19.212585415713654,23.54593146685921,22.933921891174947,32.5107655752318,25.438382325242912,32.44683430928673,22.51451321707751,26.96248643304446,0.0,0.0,2.3762275147216023,3.0258027905044647,33.865722299016475,0.0,0.0,30.364493462698363,22.489745057486825,20.359431939798064,7.628042665848589,31.500550962727406,35.57394830007837,25.198816412153352,24.20665707398019,19.112450435065224,18.698170758131088,20.04131585854041,1.0473331519620643,0.0,0.0,17.748816181221727,33.8532590432386,31.793195334450427,30.555860653601297,0.0,32.679756947229635,0.0,21.01997917723888,24.250956842507136,6.005025376631495,0.0,22.471859365439816,21.59589119918594,0.0,26.1621014977127
14.966049724161895,0.0,18.220149969796307,20.065951627895863,0.0,3.044367187747707,4.30241646454049,0.0,4.300177569445611,13.031714267141195,18.015576799151383,17.91789295633044,7.34137358469752,14.844988656059009,11.075521290358509,10.037834839982875,6.83506365303124,7.215107659553613,4.025998476128787,10.138853668536225,5.2367134095091235,0.0,11.23459598805578,13.879523773982076,8.191590153087281,19.814248353920995,13.32953153952261,12.615887447987435,4.317904041615477,0.9032543680872491,0.0,17.864796299194772,13.715044984963642,13.804299934371606,11.142761291958763,6.927427377693452,0.0,18.63635320103422,0.0,12.96713927085371,20.017029393309418,4.38859664492654,0.0,6.184659611967885,10.959201101462591,16.893997309209386,16.624877842007013,16.557071855178915,15.548442388758739,14.974993761949861,13.060163133368372,13.147395101670798,6.507741568497824,22.73147347162288,18.072130303598904,0.0,0.0,3.534793060390949,6.931877563277748,14.463933584256356,7.662096224195413,13.457481464534112,6.8536129557845955,7.432705669006098,14.45385478214388,9.21730604355368,17.8190318793079,17.040816669595394,0.0,10.367305636261738,12.799010973665828,10.948283382270349,6.551970306592924,0.7701259190241528,12.801049109775231,11.475859921062767,16.130442664674124,5.9923379931819065,5.654134929836708,3.320703954328694,1.4812629190568327,0.9871067028487046,20.040241649673035,0.0,9.115494412711932,2.324974689557395,13.798593641621625,12.979040854831446,13.123174898313097,12.452708789748076,12.615178064906948,9.968163718265433,1.8720390573559453,4.790294976324284,16.677510564454412,15.982916020805495,6.859481586453161,1.5361202655766468,4.8428719139529575,7.781476018769504
12.687108076924659,6.28467128455423,20.032781511694026,22.001988222581325,3.044367187747707,0.0,2.8886533937484473,1.498992296556324,0.0,11.461738203456274,0.0,0.0,4.349916103494174,12.552716843302848,8.966563924217004,8.51033130992473,4.193362230233318,7.360772440854375,2.1841833984278702,8.787291548096446,3.5854913802315744,1.3850017407551192,0.0,10.945224923851487,5.8155633798918105,21.966836743221382,14.413657042966262,13.999752630919062,2.902022640682591,2.6682369813437217,6.856393662976152,19.72534252113844,14.589485441743875,11.30514282423172,9.49791988138215,4.579491944053489,3.6885519428768663,20.16450487760559,21.92658217773736,0.0,22.0523498295242,5.420917139348413,0.0,3.380031311386006,8.03996654725115,18.422888882694807,19.07598339930374,0.0,17.871825421360356,12.694599749793214,0.0,11.465783676450137,4.288772838148184,24.706120773028097,19.877861244113593,4.9130576109212605,3.0028675449345865,2.445493210843235,4.217674399516771,11.531236954162617,4.618429197405117,10.749859751751668,4.26313122805088,4.963738026510659,11.526570618277361,6.40492547917708,19.67863275302226,18.991181936083265,12.117367957845985,8.27954477813554,9.768228281917075,8.422390667132786,3.9328045087676995,2.3082954244157343,14.477374832055578,9.691993778690016,13.657049644940365,0.0,6.95466159949,3.071063879984868,3.703371859214403,2.361156930448898,22.090818052515772,20.157397894635125,0.0,4.888048587749766,12.105546942078108,10.204531681422278,10.106105874922497,9.928147835352405,11.039728026096547,8.653920722379866,1.2169870293627447,5.497189896140169,17.977594260836078,18.02924943046781,4.284082207129368,2.329115981506055,3.421628214592076,4.796995227035262
14.807972453433567,9.074753458162958,18.03011392463343,20.085180121902024,4.30241646454049,2.8886533937484473,0.0,0.0,0.011892980062064358,14.084456780588694,18.108578964496854,18.02455352167467,5.662610413219041,14.663287215327845,11.329556440907165,11.202890158702887,3.125220907837644,10.205514864114662,0.0,11.535044987781477,6.404059767739871,1.862290875605651,0.0,12.000016619535359,8.103151562515222,20.265393870063264,11.986122010412137,11.774069390166655,0.0,3.4393083925949397,9.585299681043061,17.768482214971787,12.045137342753007,13.21436491156342,12.120944477535115,2.8421868634170844,6.187669083833393,17.93767703288951,20.485560334870843,12.511893592072573,20.229450016822007,7.998666674038338,8.448914167636323,5.39376237056268,9.27892390952842,16.218380089917325,17.77820677384935,17.57037458659257,16.429114840757393,14.813888900416453,13.338020138033874,14.035243975064239,6.818001137870358,22.798700115925005,17.871328101618506,4.859825271620059,3.200933023175327,5.322097332380133,3.3318049391854125,0.0,5.389622453453438,12.363196667890591,3.060914282001012,7.227101625255408,12.586256648969307,8.03817662100445,17.721579242032888,17.127009209821793,14.670403371701633,10.68102140431232,10.343327027143914,10.400277821464185,2.8593246248429853,3.635156688825072,12.462891798986547,12.242092960878617,15.542767415298954,9.39869416912282,9.480041720749236,1.4101724833129419,3.845917033612542,3.3171323773316455,20.282582826729527,18.21190674607171,6.009707606820992,4.8376354028524995,14.659138249473934,11.708965773250775,10.789221758063187,11.847869568957549,13.666410832733337,11.415102597388023,2.9499124578332396,8.181630275456163,15.624308103493572,16.274620359774087,3.0438793358121123,0.0,6.287580429968386,6.077379148587268
11.882019313629357,4.818654018162045,21.015363350216916,22.932584016157218,0.0,1.498992296556324,0.0,0.0,4.369460133071438,10.27391365877937,20.892084377505785,20.797569512944197,4.515647921562553,11.756774520483525,8.034734251505357,0.0,5.42046882358565,0.0,0.9277967417398335,7.50074171405186,2.3079158568817486,2.714852012814936,11.6574266944144,10.86662961280185,5.062423407825772,22.78816088780968,15.634609953788608,15.126353440188772,4.392726451100839,3.195213163604855,0.0,20.68631445310357,15.86720474199305,10.67162648663537,8.328133531605355,5.935025946043332,2.551651885026892,21.260247470015003,22.616145826860905,15.627705458123408,0.0,4.118361926281617,5.146108771793849,3.1704460712179605,7.949672430223919,19.51426434090769,19.711290558822906,19.623375888412856,18.58851605407986,11.890550882521975,10.046840435085983,10.324320233701725,3.39246530035473,25.622049405119377,20.86309987383779,5.394125126315395,3.7201836972550923,0.0,0.0,0.0,5.072212999548357,10.328805466237672,0.0,4.294417855752564,11.430968008520699,6.143248719964932,20.639929132325005,19.90959594232042,10.984456762788648,7.330121050318162,9.993494233507619,7.810888933898056,0.0,2.626278995859347,15.49994003888696,8.586323120772763,13.003435852740242,0.0,5.657079140260366,0.0,4.280329658780843,0.0,22.96579883921811,21.11058516815831,6.8615316467262835,0.0,10.972262655149466,0.0,10.262144196612825,9.31651905847812,9.85168444208827,0.0,1.9570766250844438,4.110059370779986,19.145841444736728,18.899132726768897,5.547206876591531,1.7816927704698136,2.0403824754720468,0.0
14.796119654952498,9.06657675571249,18.041589773145468,20.09653325094327,4.300177569445611,0.0,0.011892980062064358,4.369460133071438,0.0,14.072820409232218,18.11982460925631,18.035784585988523,5.651114702185691,14.651438571097573,11.31768498488883,0.0,0.0,0.0,5.033705161644168,11.523767330574344,6.393256696012017,0.0,15.342751742065662,11.989506720839302,8.091277643615673,20.276338556376494,11.998005533835363,0.0,0.023279435537898987,3.437887204884401,9.577688185186553,17.779880533843315,12.057016660334952,13.202639767749483,12.109328246554359,2.838529975353537,6.181131896097775,17.94944512147032,20.495921207760613,12.523402406950586,20.24063524331374,7.991988597473577,8.437102304250999,5.381870274234653,9.267907273526143,16.23011539794086,17.788149872575225,17.580517521089806,16.439394082277012,14.802036861566148,13.326135042821203,14.023522875246567,6.806358928343341,22.81005893927086,17.882808546117406,4.86349893361843,3.2015631420725983,5.3126859790657965,3.3243262907178086,12.56153913576258,5.378831967115366,12.35177544239925,3.0545207521476647,7.215230876688515,12.575767597312208,8.026563694938782,17.732977376965653,17.138234274648717,14.658656246157483,10.66917245571829,10.333760640230647,10.388462877874009,2.852057111405926,3.6317964456066414,12.4743094149076,12.230361573529244,15.531092028079122,0.0,9.473847312085974,1.4157498448862642,3.8477996345201704,3.3147130235906257,20.293740799707578,18.223290567100168,6.001205435000971,4.841281446733624,14.64739189302416,11.697671815206999,10.779436361706086,11.83611626268254,13.6547854447302,11.403878642541475,2.9436519252714306,8.174259722739032,15.636167565886357,16.285614302860193,3.0376498880111176,4.576566899030639,6.277162609142505,6.065978752750175
4.238679473020256,8.387951622543671,31.23156240637894,33.09696692497406,13.031714267141195,11.461738203456274,14.084456780588694,10.27391365877937,14.072820409232218,0.0,31.047032024881993,30.949483638447877,9.381020992809916,4.254532398320665,3.327566214672156,3.000452834029735,13.134991911951063,7.433168235126756,0.0,2.939705672330765,7.966009851121149,12.843368794022412,13.098654271561601,9.095019894823144,6.1958360761984865,32.8161489434629,25.871831457048785,25.399804103327945,14.093604806193934,13.373509469926468,8.845564628053982,30.885680813032064,26.04647168740616,5.17501897032279,1.9663101976033184,14.069049390968216,10.61827111463933,31.53157616417618,32.42441569095966,25.88935389021499,33.044765790228986,9.998038897422745,5.722701732178172,8.856218537874955,8.238601654053126,29.785299525890053,29.449724727452463,29.439177313411374,28.487393806280526,4.2514093533768005,2.465109810902755,0.5347416291098731,7.266496296834981,35.762727152414314,31.081635731525715,15.37258338062606,13.947453459368605,9.573139628127562,12.910560230317566,0.0,10.285209322915776,6.634847145537546,13.314311105757266,7.015446139920057,9.235753064192435,7.531876648062519,30.839693523287945,30.07149631897238,0.9419134043936367,3.7174460575311916,0.0,5.355703333869974,13.093432040386746,12.761303037351809,25.751657244226372,1.9271887635988698,6.05045232182941,8.909165432333934,10.245493967754523,14.532711025059786,0.0,13.104676709196024,33.06597640448343,31.30198126114405,11.85011112830535,15.352656600822568,0.9300473816606446,7.094183739759491,0.0,5.153219964435514,0.0,3.128865410304268,12.230320101498885,9.387306569337774,29.412342582412407,29.012666397495106,13.365777184363267,11.501134519261411,8.272635349155221,0.0
0.0,23.374783532918922,1.192067557590441,0.0,18.015576799151383,0.0,18.108578964496854,20.892084377505785,18.11982460925631,31.047032024881993,0.0,0.10792086671352048,23.759812520126047,32.52856484448843,28.905466858293785,0.0,20.74007259444645,24.656971342624928,21.818993189109072,28.149941403870905,23.165227375116164,0.0,25.01743066737808,30.02163231398201,25.791940838415645,2.5455685151620204,7.471120023329007,6.7546346939666995,18.107397544015274,17.713720670352718,23.306632796584783,0.8271625666314043,0.0,31.220971527474997,29.148449127752002,19.94928525802099,20.54052615561903,3.360103182188371,0.0,5.714102585869874,2.1409025116600535,21.629756744769878,25.981879747123354,0.0,0.0,3.448245840760351,0.0,3.917848827055314,3.76444242224383,0.0,30.928198338800435,31.154155948293113,24.21911597156511,4.731254682934779,1.2337925109070216,15.678096298335134,17.171903111498477,21.49926184965708,21.009505114934985,30.578798981110488,23.476622701741558,30.462921806660578,20.595653908561395,24.939446071168245,30.601004008909626,26.110418806320077,0.8457731813180199,0.0,31.817823844221085,28.20637810831756,28.147881656762912,0.0,20.559864735845846,18.314012953828655,5.691050639436994,29.45547111592491,33.56935329850592,23.155977709208354,22.17320886355999,17.10874063436659,16.651790681349002,17.99866583184022,2.2143243385437663,0.6941106572897675,23.680532366467126,15.697558828335323,31.805348499499534,29.816945263560097,28.64701514566789,29.842781663310287,30.63004811160505,27.976492431580063,18.984435955637693,22.20260960204836,4.967468646882776,2.1024894710041107,20.55406054560788,19.546209497762863,22.81190353477295,24.181746791333737
0.0,23.272208343182168,1.2542709771586296,2.1528593744622353,17.91789295633044,0.0,18.02455352167467,20.797569512944197,18.035784585988523,30.949483638447877,0.10792086671352048,0.0,23.674596682508504,0.0,28.812202901074997,27.95401429441938,20.662246011230387,24.554017910190478,21.724574947873585,28.05163021625047,23.069774915562395,18.54950497021202,24.909533584406685,29.941906210550872,25.70041499843125,2.579323009713134,7.428283492029906,6.693262080810295,18.0234314095734,17.618341163403556,23.20299264468145,0.8584127183116025,8.201060673380168,31.13242697646485,29.051703646436064,19.873513484756078,20.440360096214437,3.4161702492580774,4.2106557225093395,5.643035718324077,2.215837211982528,0.0,25.889102174327334,23.16885967381787,27.295594061102342,3.4514905957603723,4.392874695833711,3.832377799112379,3.662743687623686,32.57990974906781,30.83463004062278,0.0,24.126171363122154,4.82476575567453,1.2843664688212562,15.579889113018854,17.077414134013917,21.403012475155546,20.93145403170401,30.499509430200895,23.39417564509109,30.377512121536302,20.51823423792461,24.848387862916802,30.521518392990703,0.0,0.871624876226095,0.8979501214104064,31.721085474364713,28.112899227396742,28.071783805533805,28.26433198833096,20.48124145737863,18.218200641605677,5.614934925802283,29.359649385495526,0.0,0.0,22.068547050622087,17.021022516412156,16.55570231853022,17.90364991770559,0.0,0.7756536580439598,23.604337042324364,15.599397248238644,0.0,29.732525549906573,28.57024932742516,29.754146094036912,30.53260263326521,27.878024510381202,18.891096827877256,0.0,4.971801809792165,1.996717223008099,20.476758239599793,19.448841287475577,22.715778916594537,24.0969614213268
9.287085156221318,8.0732946113475,0.0,25.743588847419726,7.34137358469752,4.349916103494174,5.662610413219041,4.515647921562553,5.651114702185691,9.381020992809916,23.759812520126047,23.674596682508504,0.0,9.136700911457584,6.212107685319922,6.951857798164122,0.0,8.601350527279214,4.020953108373218,7.482092906075972,4.1401086308066,5.388957368278186,15.350169943654462,0.0,3.23823271224687,25.882644551160734,17.55661513400952,17.421831987820863,5.664964618084917,0.0,0.0,23.429082710819273,17.526860550088447,7.592465757678935,7.543569244346744,4.762299791249826,0.0,23.572417859457435,0.0,18.1744736671512,25.874973964231575,8.124867648173357,3.7996969616886265,1.5176889538757306,3.7317067672563065,21.861715706975215,23.219021170008865,23.052699460722327,21.94057732483933,9.291742150814757,8.090213144890498,0.0,3.0846553301686592,28.4573109157009,23.53387770665422,9.244817599473727,7.30565650786535,4.866769323730494,3.561756125114438,0.0,0.0,6.703480330604322,3.987119206500949,2.569710138688553,7.193368340706586,2.392119552376346,23.382173866514616,22.776703583459373,9.761460693618021,5.684226436351421,5.489224844047886,4.865274933655591,3.810086673348394,6.639453063199621,18.124295775587854,7.453836285329313,9.900372295422898,8.704230079315233,9.554686846772494,6.697879091330066,0.0,6.7106581485752175,25.925399410308067,23.871896187527284,2.9897861394386065,9.219688262072333,9.751931008404314,6.065827061464061,5.7872969589120435,6.245381464374862,8.996625841055847,7.4406717478705025,5.566426054071223,7.878128337734663,21.216792990147542,21.90035881467537,0.0,6.248290631342983,0.0,0.44966983889068374
0.15705759509468126,11.473383537276241,32.56338507270214,34.55057713331807,14.844988656059009,12.552716843302848,14.663287215327845,11.756774520483525,14.651438571097573,4.254532398320665,32.52856484448843,0.0,9.136700911457584,0.0,0.0,5.75711608379945,12.844497560717404,10.820906199562033,10.838029163638849,6.141849164096457,0.0,13.892233211648868,0.0,5.911189014906433,6.742277722665051,34.50535771410687,26.642298408476652,26.414072446345795,14.668285821278054,0.0,12.090044518057729,32.26608573160791,26.648810338676725,1.8424766383299434,4.753036885338704,0.0,12.917820533014847,0.0,34.372915911979554,0.0,34.60475373712136,12.820944877858302,6.6115178740092135,9.310804258058392,6.4126125970305,30.85899730285493,0.0,31.38007846378723,30.342532828216935,0.158593367840162,2.167712570591116,3.7227777707370544,8.366921774571985,37.25675817767813,32.407235653339434,17.147189445929655,15.431264813705793,11.333229282354269,12.579729618838025,5.921329252248804,9.768890507321576,3.4987766663894497,13.02535955036507,7.589232464084441,5.836480273049965,6.775707014958256,32.21929203975714,31.542752081008768,3.556008035637983,4.5277107273460855,7.957179012886527,4.277223742477631,12.896199860236052,14.383053112813112,0.0,4.139846262892901,1.8143971237598688,0.0,13.451779758872817,15.470710636509747,16.032044330909496,14.640467917586271,34.64261027084056,32.700608844415044,10.719067570906269,17.12419242662243,3.5606543777254815,4.236338652802676,7.51623137461043,2.9505962351825046,4.330130195000741,6.330974552999979,13.585071742573271,12.244534162313556,30.28711955749924,30.57954889865176,13.07737437873279,13.342237403418498,0.0,8.794814681653914
0.0,0.0,28.991215609014976,30.939931337852954,11.075521290358509,8.966563924217004,11.329556440907165,8.034734251505357,11.31768498488883,3.327566214672156,28.905466858293785,28.812202901074997,6.212107685319922,0.0,0.0,2.414866617011975,10.012533659609888,7.290731865380314,7.107822396151538,3.002423702573836,5.8420289335495,10.339190341297389,13.996743907237043,6.334173423552806,3.226584990469555,30.822708240058603,23.286538762788357,22.949841378424956,11.336699082770458,11.229859266371365,0.0,28.676340530274924,23.374260759508076,3.3644392241163934,1.989329418017591,0.0,9.087799442957692,29.121134973462322,30.62577797223021,23.546854028111284,30.960177176499023,9.035971690936426,2.9334433659665162,5.947621766646711,4.978848256691434,0.0,27.699784884455465,27.631005041481323,26.61124243901403,3.9461235070627603,2.029555798847532,3.0402421688059733,4.688741562282219,33.63671310472109,0.0,0.0,11.745334142328808,7.546378023156794,9.773158529183366,0.0,7.061428214813014,4.165281372663256,10.194379502417943,4.102464059544939,6.614098679323672,4.218697674007397,28.629739024228485,27.921226515850652,3.5651200625873574,0.708303071399596,0.0,2.109592995870716,10.000450325916054,10.652323378364608,23.442256910786963,1.534612895881469,5.370661919068738,8.440849385674655,9.769022547096878,11.97917823887172,12.313222514283098,10.933851208122666,30.992990893609992,29.105391043809735,0.0,13.375747674158825,3.5562645820927963,4.352499323142418,7.230735205738979,0.0,3.007546928556133,3.1378489674418346,0.0,8.472851810914776,26.8938095540775,26.926220101284287,10.246594480446898,9.558029655782722,6.257807375407753,5.989314332120231
5.821714507213532,5.763206455548008,28.231506623023233,30.10064217419188,10.037834839982875,8.51033130992473,11.202890158702887,0.0,0.0,3.000452834029735,0.0,27.95401429441938,6.951857798164122,5.75711608379945,2.414866617011975,0.0,0.0,5.064641035111125,6.3921268924860195,0.6417822057252703,4.978107058134686,9.885493500299573,11.604293529071118,0.0,3.7291271608949077,29.83588171949332,0.0,22.40990003876246,11.212880560212678,10.37310994953367,6.346357305203936,27.886447385552206,23.099108583425178,5.708958638358306,1.1438264838914658,11.447291686448853,0.0,28.53578429208746,29.476955404885516,22.890803977380735,30.05417183239372,0.0,0.0,6.154963253515785,6.888079559091201,26.789406537494415,26.510367884491522,26.48771126922446,25.522664097158447,5.833797659976001,3.605192642595742,3.1203147183011235,0.0,0.0,28.08148938189945,12.380939666954555,0.0,6.572802705209557,10.347273327009876,9.038573143889598,7.926310016892238,6.574796663612445,10.721944599343365,0.0,8.973410807309413,5.600703936313504,27.840433390231414,27.074979880132535,0.0,2.124840806758107,0.0,4.250638023400871,10.471492788215755,9.760859433186926,22.75191546075464,1.6514439796534262,7.482332344605178,6.370030993984938,7.722909950714546,0.0,11.411503063849775,10.10480303688735,30.076522060188687,28.30328953807507,9.716850582426448,12.360761395903493,3.769569349013556,6.713727873028639,0.0,4.935018493856129,2.5807793203984435,0.7349858221637396,9.24134209516633,6.63466140672226,26.429282785545126,26.020638568964944,10.771729191132,8.505248819362466,5.274070440840068,6.877335143622768
12.997942227029169,0.0,20.553304452804856,22.6625926743367,6.83506365303124,4.193362230233318,3.125220907837644,5.42046882358565,0.0,13.134991911951063,20.74007259444645,20.662246011230387,0.0,12.844497560717404,10.012533659609888,0.0,0.0,11.021790862931999,0.0,11.018657326942854,6.563977340996758,0.0,17.073584207889475,0.0,6.9416793112562925,0.0,14.128907226793403,14.175487264652078,3.11710288455324,6.114250694406747,10.795656580793265,20.33322954173729,13.996118793342776,11.205531567375695,11.251441131598822,0.9625553754149656,7.8617720638231905,20.237138317906034,23.359214908784313,0.0,22.877742424854674,9.53233494063901,7.448317614636365,4.413972227265541,6.8363438463609745,18.564406371374496,20.72721798548549,20.488428565894633,19.32572263842685,13.001664428150816,11.892045777729171,12.971359652840267,0.0,25.36505704570722,20.39270726378583,7.892918913280781,6.068048865024485,6.259214216944511,0.27651397242096154,9.850557882333945,3.0758409752149696,10.087223953637736,0.18257152286389802,6.154213876560512,9.876273367196912,6.075208291332993,20.286624823174797,19.77062439910795,13.551501389817307,9.466594182877534,7.429161771093801,8.610856024646372,0.2853020020627323,6.0730557739559385,15.050247485724336,11.211557002522623,13.43806645556535,10.625538029000385,11.072540749444535,4.525866381172962,6.783984922299614,5.89460907447989,22.941088107851794,20.781810836003135,2.979763189117173,7.869447023754783,13.541726335243872,9.361285240915132,7.914907889472559,9.908279921243096,12.740855756030054,10.94675580484045,0.0,9.524083828419233,17.79800323246408,19.002425731026612,0.23502138974735318,6.502602750951499,6.673470016084973,4.079377749309262
0.0,1.3111518001502935,25.005687228051155,26.702770827767406,7.215107659553613,7.360772440854375,10.205514864114662,0.0,0.0,7.433168235126756,24.656971342624928,24.554017910190478,8.601350527279214,10.820906199562033,7.290731865380314,5.064641035111125,11.021790862931999,0.0,5.44088499348264,4.718448918760502,4.557372315311369,8.416957071204777,7.014034302615644,12.89621460736166,6.4734870299859235,0.0,20.52310805783356,0.0,10.21998703452901,7.909688001121276,1.4494773613832868,24.61125271721361,0.0,10.65502600101698,6.10440431953153,11.67677251269852,4.461756946888921,0.0,25.554432017356074,19.976455035918836,26.538843831255445,3.0324064343053876,5.986276672467337,7.161518267295253,0.0,23.902165709976554,22.556437784247855,22.611544455801983,21.75482549055317,10.895172657764261,8.662673884158199,0.0,0.0,29.288504190728275,24.865892154498447,9.294251315769406,8.526680368436825,4.9244901438198685,10.92958119667372,13.378486214532384,9.537768915778027,11.232416180867832,0.0,6.471688412427917,13.327944489156451,8.645398209278788,0.0,23.711149480182858,8.36574975443756,6.755852903282736,13.073424664176445,8.571367541059697,10.82758415771521,7.328633581274986,19.775499524381583,6.691831026011393,12.541446817978184,0.0,2.8313772378572173,9.9384566752637,0.0,0.0,26.542545545463028,24.999019665241462,11.561216485983964,9.281025987835616,8.353347893721061,11.17141189112068,13.106598475500304,9.672598021767914,7.096750173909572,4.521374373053345,7.405973263201734,2.488095605531163,23.795217645086986,22.568171235512775,11.187937804781685,5.971365824543847,4.363427593143925,8.798749731142607
10.96221917736518,4.538211333918545,21.938603737682683,23.859038148586176,4.025998476128787,2.1841833984278702,0.0,0.9277967417398335,5.033705161644168,0.0,21.818993189109072,21.724574947873585,4.020953108373218,10.838029163638849,7.107822396151538,6.3921268924860195,0.0,5.44088499348264,0.0,6.633923368271177,1.4196455849550786,3.519911668066718,11.633746833260279,10.147892526402334,4.166592843907681,23.715467897025444,16.512344674153482,16.028451706382967,5.056643102487643,4.1221161856762105,5.222407872517917,21.611035361285754,16.723954109520346,0.0,7.421127627515163,6.23588915852213,2.9179219552755367,0.0,0.0,16.543201936034773,23.862641413107035,4.186044971366152,4.2265171475611,0.0,7.248239628129252,20.424146470758778,20.626549197120365,20.542673914797245,19.511304113730137,10.970853555556793,0.0,9.412793244034075,2.4824335920328737,0.0,21.786114670672486,6.309262572257205,4.647203337146468,0.84594294583342,5.529059136885533,10.722481607521894,0.0,9.491287208830187,5.723805460278763,3.4295012675335865,10.702510546120275,5.393813502589462,0.0,0.0,10.071681949357068,6.4028570061926455,9.419155694012538,6.932034269201563,5.397091983189752,3.547850665975068,16.41843315150183,7.667508298300673,12.1044444494622,5.059551428857207,5.683520121691054,5.2125298619438665,0.0,3.8274526364728496,23.893557322061334,22.03581048622,6.63083895713709,6.286224662239558,0.0,0.0,0.0,8.43247466258324,8.950615532648737,6.493912321610179,0.0,4.040913605356156,0.0,0.0,5.7591296307154,2.5853885106694245,1.2434575269788077,0.0
6.193798396128907,5.533649698192051,28.35651713635568,0.0,10.138853668536225,8.787291548096446,11.535044987781477,7.50074171405186,11.523767330574344,2.939705672330765,28.149941403870905,28.05163021625047,7.482092906075972,6.141849164096457,3.002423702573836,0.6417822057252703,11.018657326942854,4.718448918760502,6.633923368271177,0.0,5.214424872586656,10.149464564626603,11.086070799184862,9.280497279702187,4.285909964533766,29.89418729222223,23.13533757660484,22.60259561270634,11.545617795657058,10.524875199834142,6.062165739582637,28.00343581532415,23.357801942444397,6.232275807312728,1.3923546009280203,11.90313830934033,7.682557614373651,28.707854705611595,29.486825840386114,23.05172180782271,0.0,7.088852219454983,3.6947057586446483,0.0,7.528073619947572,26.96162743880235,26.51095092279225,26.50263308448107,25.555577935003768,6.206227613453913,3.9742732049406277,3.165776932502843,4.830402718960458,32.85932467100734,28.207839391652676,12.471895779066818,11.112183436961404,6.737503202857655,10.825308893898397,9.657889291487018,8.466109959880644,7.167574373423572,0.0,4.923433338401462,9.591744555006192,6.215623755140416,27.957640107212715,27.177045325882,3.8071590737528007,2.7587934965694076,10.14612501565957,4.887059424523608,10.930426219830748,9.907837195837377,22.903756538729755,2.004045048550604,7.903810537819649,0.0,7.455408741675397,11.843832298499528,11.542655868051646,10.266691246896553,30.155123462859706,28.41637473802121,10.288824798347731,12.452512782074065,3.7943724433733506,7.330125215463601,10.00405073919137,5.523958612362943,2.5426035806909666,0.0,9.452523274524646,6.480680901006023,26.635519937242083,0.0,11.238784776849297,8.616910348655674,0.0,7.4289561018403
9.750086349872852,3.9338026773060846,0.0,25.209198805405425,5.2367134095091235,3.5854913802315744,6.404059767739871,2.3079158568817486,6.393256696012017,7.966009851121149,23.165227375116164,23.069774915562395,4.1401086308066,0.0,5.8420289335495,4.978107058134686,6.563977340996758,4.557372315311369,1.4196455849550786,5.214424872586656,0.0,0.0,11.210360401719418,9.573089834700657,3.1748635787541923,25.025013688953276,17.929998478315365,17.434039571728434,6.415849354466771,5.451552871070158,4.697200268927245,0.0,18.143566500187916,8.7100727850271,6.02145062275334,7.302226264310805,3.467627817206946,23.56753979428938,24.78875076099929,17.931994529170744,25.19571283754159,4.156100369426586,3.079318586003374,2.6445582405650074,6.76617394409175,21.821460944058103,21.858552753666647,0.0,0.0,9.75938322474237,7.823872606503066,8.019949467694586,1.5436280260439554,0.0,23.15504817639798,7.568974495385083,6.0045089694627745,1.7043614742459736,6.445157382532142,0.0,5.026138815182737,8.610475567376925,0.0,2.6344684710993636,10.098312494194724,4.854051694850181,22.926280146318604,22.18442253129551,8.68101718844514,5.133749326291019,9.166836446767359,5.942305577347053,6.396095546973646,4.853650513605645,17.80111694176031,6.29300846217078,0.0,4.56628347300196,5.484557666299912,6.630479464378756,6.518572759319357,5.169316229273184,25.2237727781055,0.0,7.040935263977372,7.546997585858716,8.66876762049409,0.0,9.322019653759222,7.4039869497966775,7.543771108264786,5.075346316165123,4.264470405294629,3.815474550745691,21.451189828828195,21.158836660742743,6.748097129131459,0.0,0.4704156801667671,4.405212093726234
14.028709151082234,7.253071279840416,18.67594319701347,20.658789626923596,0.0,1.3850017407551192,1.862290875605651,2.714852012814936,0.0,12.843368794022412,0.0,18.54950497021202,5.388957368278186,13.892233211648868,10.339190341297389,9.885493500299573,0.0,8.416957071204777,3.519911668066718,10.149464564626603,0.0,0.0,13.502837518579216,11.986414774557257,7.168458991823795,20.661575331601096,13.02990961731259,12.618103690783155,1.8779308218033965,1.940139485139879,7.740489369818412,18.374536521567084,13.214129373190746,12.599717728606109,0.0,4.2706951318812045,4.325537340555407,18.785144262358326,20.678169786123892,13.211200993739586,20.724619897164608,0.0,7.406405026885118,4.635068306963639,9.12043788832917,17.044476786144344,17.858615261133195,17.710012908451688,16.616699292229498,14.035927315554895,12.36864716465734,12.850327316220575,5.669339223757874,23.36607667666293,18.52041116726495,3.952067864557615,2.0079083357588132,3.6217652184443954,4.294588802081748,12.571112592276075,5.454201420314305,11.96565902737226,4.193715690898089,6.306871782243524,12.572867898849225,7.595158529828969,18.327762672036396,17.653764435412285,13.502200785449505,9.655473912600574,10.62620809795205,0.0,3.8979908901937934,1.9195734711969585,13.114010050600328,11.076994196928808,14.951766636574296,7.553036873845068,7.618388678478528,1.6946309817618297,2.7528344893570544,1.7121511416413542,20.765693222885474,0.0,6.638606403169035,3.9270771945653378,13.490371410718424,11.385985321178321,11.007951895463712,11.220808479401633,12.421203151759652,10.012003433519823,1.08824842749696,6.33069656783942,16.592738488862242,16.709460958164616,4.198057977240478,2.722723031870633,4.733478215034445,5.837409228202704
17.14408336527844,0.0,0.0,26.942921331172073,11.23459598805578,0.0,0.0,11.6574266944144,15.342751742065662,13.098654271561601,25.01743066737808,24.909533584406685,15.350169943654462,0.0,13.996743907237043,11.604293529071118,17.073584207889475,7.014034302615644,11.633746833260279,11.086070799184862,11.210360401719418,13.502837518579216,0.0,19.88252491895585,13.484484061171074,25.928650411965304,22.888947930894126,21.719116879741993,0.0,12.134982410082175,6.513164626757012,0.0,23.564883969395773,17.310942404932632,12.422916836326163,17.520171851666138,9.259244448616425,26.823145344821107,24.73202271432765,21.547288645011925,26.553005069703122,7.541255949744983,12.999923491207207,13.845838563699491,17.46835916668259,0.0,21.843771873117834,22.07890269946115,21.531093545371345,17.156912865468648,14.974466031362619,13.574285013578766,12.468147216887141,29.24308633999562,25.55475824222317,0.0,12.623423744625853,10.87208614527595,17.050229708504173,20.3500850411152,16.21303063719474,18.092859612669535,17.165023969558792,13.432412656806807,20.29635495883413,15.642751356610264,25.165560699295735,24.1897068786851,14.008063078346773,13.56000656020832,20.076351013522153,0.0,16.83152527382912,11.77042993958934,21.25828349336847,13.056049821364265,18.918904346978007,0.0,6.00112229549652,14.546936308636347,12.36986222474961,0.0,26.51848993621139,25.513281809467465,0.0,12.27847045238939,13.99776620477626,18.101875545895048,20.118934973534966,16.48284567998627,12.895336290621302,10.918512568584134,12.420817389250336,0.0,0.0,22.94948279671403,17.191258073018698,10.790801925347834,10.883101046776675,15.60760066742751
6.048628536227608,12.957648834803619,29.854192559406787,31.95773047738529,13.879523773982076,10.945224923851487,12.000016619535359,10.86662961280185,11.989506720839302,9.095019894823144,30.02163231398201,29.941906210550872,0.0,5.911189014906433,6.334173423552806,0.0,0.0,12.89621460736166,10.147892526402334,9.280497279702187,9.573089834700657,11.986414774557257,19.88252491895585,0.0,6.572760932149661,0.0,23.389703038759162,23.477884741476664,11.998755991431947,13.613205998198648,13.72381262696901,29.629186264391336,23.19060801670747,4.1769269682656835,8.304512853347811,10.152840018862825,12.963942964456184,29.51897676428915,32.48291889845245,24.34744841625524,32.15567298184337,13.671407882891824,6.960136138833638,7.709006894172841,0.0,27.85775060812239,29.74651209319767,0.0,0.0,0.0,6.679825919740863,8.617526343546606,8.0332638633009,34.662964470715195,29.693683050344617,15.851311066508295,13.914429177995325,10.929128159933727,9.029331042637587,0.5860420048135597,6.6242867274852175,2.511408816539775,9.456570490132032,6.940782551606098,0.5880403108867946,4.760530564555511,29.58250833184193,0.0,8.806808029151181,6.5318917346201895,2.344117803883777,0.0,9.468576634754616,0.0,24.337023892015157,7.764732579733907,5.357338940874502,13.65494514395032,14.82834534573866,13.18826061143828,14.636604885233272,13.304975064426724,32.21561405434569,30.077207760776886,6.463354848326226,15.82620334183611,8.805285390906272,2.013345709580852,1.801858204978686,3.9611787374388365,8.93059837806973,9.388333984390465,0.0,13.242810152370678,27.05120071148442,28.24322387716559,9.501129967804108,12.648133263362155,10.035150098569636,6.159234693480508
